# Created by Octave 4.2.0, Thu Aug 30 15:42:27 2018 CEST <jogren@lxplus068.cern.ch>
# name: Knobs_sextupole
# type: scalar struct
# ndims: 2
 1 1
# length: 11
# name: I
# type: matrix
# rows: 12
# columns: 1
 48
 59
 70
 79
 210
 220
 48
 59
 70
 79
 210
 220


# name: L
# type: sq_string
# elements: 12
# length: 1
x
# length: 1
x
# length: 1
x
# length: 1
x
# length: 1
x
# length: 1
x
# length: 1
y
# length: 1
y
# length: 1
y
# length: 1
y
# length: 1
y
# length: 1
y


# name: K
# type: matrix
# rows: 15
# columns: 12
 1.039266093209789e-05 -7.278486833385393e-06 -2.343276839376602e-06 5.50807105451817e-06 2.771927203820096e-06 7.851565840305792e-07 7.04696963596947e-06 7.706450887316194e-06 2.119276797836973e-06 2.126618571620917e-07 6.947648788244891e-06 -1.012203036981556e-06
 0.04491209691484489 -0.0343397928928903 0.01950209791959741 0.01920760074641522 0.09702888224993647 -0.05854642031998423 -0.0005684297951545241 -0.0006945327025179415 8.750809493580726e-06 0.0007139923562521617 -0.001044950060765007 -0.0004040639594156774
 0.0005455910059859877 -0.0001621248764783046 -0.000694716039603531 0.0006451073353770323 -0.0004526100527611031 -0.0003382990959556981 0.03401813386257642 0.1951679923558952 -0.09421059545022958 -0.2909936467356158 -0.4725851398009633 1.255049137250185
 2.904957586147975e-05 -1.170228795607943e-05 4.473729122575271e-06 8.87188439652493e-06 3.178567998148264e-05 -2.088266172838984e-05 5.695694842332862e-06 6.196265463506203e-06 2.400538173213276e-06 2.333806300430594e-06 2.643539420329056e-06 4.202263055944591e-07
 -3.58020428303882e-06 3.750574188656441e-07 5.074638486772404e-06 1.083868701053302e-06 2.185704022683347e-06 -2.258724724543423e-06 -0.0003203169696814372 -9.275896451612659e-05 4.444871760906325e-07 -1.508495917473756e-05 2.295402775353734e-05 8.344744121040014e-06
 -0.003894635913645564 0.01418426398117816 -0.004861541686491401 -0.004453404365517528 0.02755338752946639 -0.00789880045559576 -0.001495645005427985 0.001301697110643017 0.001908915589787395 -0.001655412807602421 -0.0001441962980484877 -0.0005407017332800617
 0.001069684980498426 -0.0006388206057837634 0.001095073703833327 0.00236907919350916 -0.0007819044573250401 0.0002637189373394837 -0.005696337751255844 -0.02645755672185834 0.01201194560080949 0.03706510573881604 -0.0425809430946865 0.1134636661347378
 0.005561707792445133 -0.005037308911561732 0.002970150090578678 0.003509406948788317 0.1071845435730148 -0.06468582418462937 -0.0007097852716655221 -0.0005709321155373498 0.0002232547081430477 0.0003034003885417989 -0.0004355898386210628 -0.0003809395900473912
 0.0007708810137750317 -0.0005949054486237726 -0.001720450817469348 -0.0005698073969349201 -0.0002170327612468589 7.978949619966911e-05 0.0005239011935309591 -0.01077212742094686 0.00436063254442844 0.01370869431854406 -0.006333756410453929 0.0177435376533637
 -0.0006612659530270951 0.03309966972331353 -0.01141795933413002 -0.07583929239533062 0.01900597672162271 -0.07242411804029374 0.006030318277801962 0.1567217501349168 0.03839825313201947 0.3547713272347753 0.2789150135529729 1.919247369958891
 0.0005955778074887147 -0.0003705160210859573 -0.0006571042882250844 0.0007712934285744446 -0.000270203283563651 7.06343440095887e-06 0.004035136602981324 0.02750653748388215 -0.01309039658343074 -0.0410961648064489 -0.5234689513269097 1.389766476745224
 0.002251039388449959 -0.05377342878342785 0.02265617942159209 0.2174083219098078 -0.02931387554215677 0.3539895731080472 -0.001110001560277434 0.0004712170713305177 -0.0001165427752138978 -0.000121709756521678 -0.001396750639465344 0.002751259447239711
 1.273053832579141e-05 -3.484300070040084e-06 1.016817770408828e-06 2.566703993589766e-06 6.504143730891787e-05 -4.565650175459557e-05 5.980714829405506e-07 3.570278241716252e-06 4.446877651635615e-06 2.012665900782477e-06 2.680841498306626e-06 3.080192642658283e-06
 -1.787362824361277e-06 5.211016109635362e-07 5.431809283668814e-06 3.361335594458764e-06 -5.512619812909706e-08 -5.800988755278686e-07 -5.055392230817713e-05 -1.237190939587974e-05 9.025316454662678e-07 2.96479773603298e-06 2.66787045360269e-05 1.510034345332961e-05
 -2.252189634075634e-05 5.381367973063874e-05 -1.076569984749024e-06 3.059771159456502e-05 3.404658291428886e-06 5.748118644368159e-06 2.1177804891125e-06 6.699870482093112e-07 -1.442437982323972e-09 9.33172466976185e-08 1.328967094514935e-07 4.974332996122195e-08


# name: S
# type: matrix
# rows: 12
# columns: 1
 2.712522987253396
 0.8237548858873526
 0.4253436268937172
 0.2204546509633288
 0.1600535094681939
 0.04168688639343337
 0.009652506672159781
 0.003480078357175167
 0.002054091945856458
 0.0002311299185617603
 1.688458824438457e-05
 6.181147210856044e-06


# name: V
# type: matrix
# rows: 12
# columns: 12
 -6.299530864452758e-05 -0.001120459258960994 -0.008826865367851055 -0.00747052537259132 0.2274427135168071 -0.6265317839192273 0.7009317658304184 -0.1434007643956987 0.1015107498575856 -0.001116875842283378 -0.1585846518851266 0.09093328855228792
 -0.008465664051016532 0.03280964097230003 -0.1099781017850924 0.01360141262484222 -0.2311642826882149 0.5583007588334914 0.5422325077274904 0.2209374565613995 0.278313978230292 0.4188776271834352 -0.08048704734734551 0.138601088801054
 0.00320137376399831 -0.01069043638755846 0.04496859237495864 -0.00518077302005469 0.1247331741396887 -0.283197596871901 -0.02878664914078964 0.5251213419433729 -0.1244999695589568 0.3988293494795132 0.6648913957077005 0.09402367795340019
 0.01947195643024241 -0.08321137118540009 0.4852517657512279 -0.009942012823201537 0.359678893595413 -0.07520736283369479 -0.2800472603480192 0.2203583264848715 0.4049662492209545 0.3546569356492798 -0.4443235911970554 -0.08897537932498686
 -0.004805586816009674 0.02091059176554345 -0.1332047013540565 -0.01510077513824313 0.858901699063356 0.4130831455370331 0.1135077661982804 -0.09566577802305375 -0.1292050604753977 -0.1117764900230079 0.1408060043111223 0.04656283429541113
 0.01912819480311204 -0.09126784948016947 0.8460069150854724 0.0264825005087616 -0.1066763006892704 0.192018007508418 0.2603875778009542 -0.1449835969839577 -0.2091564433008668 -0.1871527477877931 0.2318199363633883 0.07272918624035829
 -0.008275907268197484 -0.01987712344715654 -0.006184571950576389 0.09715018097944045 -0.004900170170034239 -0.02448099750782879 -0.1184853238543275 -0.7227125508315059 -0.08682501378982976 0.6499814201998768 0.1517654120839341 -0.006107273796387006
 -0.07981401663307046 -0.01193382925646714 -0.00927053689568001 0.5955036324545091 0.01637233991839962 -0.0009784663501675095 0.05791074587973537 0.2188564399455395 -0.6416119605384022 0.1664360996863576 -0.3815295940711118 -0.04821064514952206
 0.009156578257803779 0.1036801736686452 0.01693598694909228 -0.2365449706948514 -0.004238355237224439 0.03458559881476436 0.1879997144364583 0.04421326898916406 -0.1237389962461573 0.08812601562048764 0.0432096125412834 -0.9324531035538318
 -0.03236091241741899 0.5235286768127388 0.07895019039041459 -0.6248133600738638 -0.009415523981748612 -0.01104410765778317 -0.03575056060476784 0.04567539925929276 -0.4029737773052343 0.1611606018680095 -0.2524219316651759 0.2694312954172082
 0.1147463676241671 0.8316983350236992 0.09410492588623214 0.4334731278335595 0.01986632618331073 -0.02066572684180759 -0.02516134172794993 -0.04055752072377213 0.2572016674900245 -0.08520338492405831 0.1357732063110628 -0.05839549730175167
 -0.989147801305983 0.07762274443215397 0.03693739566040915 0.01993007731418713 0.004505731973416384 -0.006861117375267233 -0.009497871832234137 -0.01558590997159398 0.09613653445568524 -0.0315972528359575 0.05182731576304202 -0.02173845726053865


# name: Ix
# type: matrix
# rows: 6
# columns: 1
 48
 59
 70
 79
 210
 220


# name: Sx
# type: matrix
# rows: 6
# columns: 1
 0.4407822253409813
 0.1605790805814414
 0.04877772387406185
 0.02408133212020004
 0.00504784175922721
 0.002332228060638563


